.begin 1
.H 2 15 2
.H 2 14 9
.H 9 24 22
.V 2 15 28
.V 2 0 15
.V 9 14 28
.V 22 24 28
.end
.begin 2
.H 0 27 12
.H 12 26 20
.H 20 23 25
.V 0 27 28
.V 12 0 27
.V 20 23 28
.V 25 0 23
.end
.begin 3
.H 11 21 14
.H 14 27 17
.H 17 25 23
.V 11 0 21
.V 14 21 28
.V 17 0 27
.V 23 25 28
.end
.begin 4
.H 3 25 4
.H 4 6 13
.H 13 2 18
.H 18 17 27
.V 3 0 25
.V 4 6 28
.V 13 0 6
.V 18 0 17
.V 27 17 28
.end
.begin 5
.H 4 5 7
.H 7 26 11
.H 11 22 16
.H 16 8 24
.H 24 7 27
.V 4 0 5
.V 7 5 28
.V 11 22 28
.V 16 0 22
.V 24 0 8
.V 27 0 7
.end
.begin 6
.H 5 25 15
.H 15 10 19
.H 19 9 24
.H 24 27 25
.V 5 25 28
.V 15 10 28
.V 19 0 10
.V 24 9 28
.V 25 27 28
.end
.begin 8
.H 0 26 6
.H 6 4 7
.H 7 3 13
.H 13 19 21
.V 0 0 26
.V 6 4 28
.V 7 0 4
.V 13 3 28
.V 21 0 19
.end
.begin 10
.H 1 19 8
.H 8 12 10
.H 10 11 19
.V 1 19 28
.V 8 0 19
.V 10 0 12
.V 19 11 28
.end
.begin 11
.H 5 24 8
.H 8 20 14
.H 14 18 18
.V 5 0 24
.V 8 20 28
.V 14 0 20
.V 18 18 28
.end
.begin 12
.H 1 16 9
.H 9 13 10
.H 10 23 16
.V 1 0 16
.V 9 0 16
.V 10 13 28
.V 16 23 28
.end
.begin 14
.H 21 22 22
.V 21 22 28
.V 22 0 22
.end
.begin 20
.H 23 24 26
.H 26 1 26
.V 23 0 24
.V 26 1 28
.V 26 0 1
.end
